0.0 0.0 5.210000038146973 0.6143558621406555 2.3073251247406006 0.5358160138130188
0.006815862376242876 0.002806531498208642 5.210000038146973 0.6094295382499695 2.2888236045837402 0.5315194725990295
0.02627205103635788 0.010817903093993664 5.210000038146973 0.5953671932220459 2.2360095977783203 0.5192548632621765
0.05688147246837616 0.02342178300023079 5.210000038146973 0.5732435584068298 2.1529204845428467 0.4999595284461975
0.09715701639652252 0.04000583291053772 5.210000038146973 0.5441335439682007 2.0435924530029297 0.47457095980644226
0.14561159908771515 0.05995771661400795 5.210000038146973 0.5091119408607483 1.912062406539917 0.44402655959129333
0.20075812935829163 0.08266511559486389 5.210000038146973 0.4692535996437073 1.7623670101165771 0.4092637598514557
0.26110953092575073 0.10751569271087646 5.210000038146973 0.4256333112716675 1.5985432863235474 0.3712199330329895
0.3251786231994629 0.1338970810174942 5.210000038146973 0.3793259859085083 1.424627661705017 0.3308325707912445
0.39147835969924927 0.1611969769001007 5.210000038146973 0.3314064145088196 1.244657039642334 0.28903910517692566
0.45852163434028625 0.18880301713943481 5.210000038146973 0.28294941782951355 1.0626680850982666 0.24677689373493195
0.5248215198516846 0.2161029577255249 5.210000038146973 0.23502980172634125 0.8826969861984253 0.20498333871364594
0.5888904929161072 0.24248434603214264 5.210000038146973 0.18872249126434326 0.7087817192077637 0.16459602117538452
0.6492418050765991 0.267334908246994 5.210000038146973 0.14510229229927063 0.5449578762054443 0.1265522539615631
0.704388439655304 0.29004234075546265 5.210000038146973 0.10524386167526245 0.39526259899139404 0.09178942441940308
0.752842903137207 0.3099941611289978 5.210000038146973 0.07022231817245483 0.26373291015625 0.06124502420425415
0.7931185960769653 0.3265782296657562 5.210000038146973 0.041112303733825684 0.1544044017791748 0.03585648536682129
0.8237278461456299 0.33918213844299316 5.210000038146973 0.01898878812789917 0.07131528854370117 0.01656121015548706
0.8431841135025024 0.34719353914260864 5.210000038146973 0.004926323890686035 0.01850152015686035 0.004296541213989258
0.8499999642372131 0.3499999940395355 5.210000038146973 0.0 0.0 0.0
0.8310049772262573 0.3413724899291992 5.23291015625 0.023333309218287468 0.005883941426873207 0.021433953195810318
0.776639997959137 0.31668001413345337 5.298480033874512 0.09011485427618027 0.02272418886423111 0.08282634615898132
0.6908349394798279 0.2777074873447418 5.401970386505127 0.19551706314086914 0.04930337890982628 0.17981301248073578
0.577519953250885 0.22623997926712036 5.538640022277832 0.33471229672431946 0.0844041258096695 0.3080296814441681
0.4406248927116394 0.1640624701976776 5.703750133514404 0.5028730630874634 0.12680909037590027 0.4631122648715973
0.28407996892929077 0.09295999258756638 5.892560005187988 0.695171594619751 0.17530086636543274 0.6406964063644409
0.11181491613388062 0.014717474579811096 6.100330352783203 0.9067806005477905 0.2286621332168579 0.8364181518554688
-0.07224014401435852 -0.06888006627559662 6.322319984436035 1.1328723430633545 0.2856754958629608 1.0459129810333252
-0.26415517926216125 -0.15604759752750397 6.55379056930542 1.3686192035675049 0.34512364864349365 1.2648171186447144
-0.46000027656555176 -0.24500006437301636 6.789999961853027 1.6091935634613037 0.4057890772819519 1.4887659549713135
-0.6558451056480408 -0.3339524567127228 7.026209831237793 1.849767804145813 0.46645450592041016 1.713395357131958
-0.8477600812911987 -0.4211199879646301 7.2576799392700195 2.085514545440674 0.5259025692939758 1.934341311454773
-1.0318151712417603 -0.5047174692153931 7.479669570922852 2.3116068840026855 0.5829160213470459 2.1472396850585938
-1.2040801048278809 -0.5829600095748901 7.687439441680908 2.5232152938842773 0.6362771987915039 2.3477261066436768
-1.3606255054473877 -0.6540626287460327 7.876250743865967 2.7155144214630127 0.6847690343856812 2.5314362049102783
-1.4975204467773438 -0.7162401676177979 8.041360855102539 2.8836750984191895 0.7271739840507507 2.6940062046051025
-1.610835313796997 -0.7677077054977417 8.178030014038086 3.022869825363159 0.7622746825218201 2.831071615219116
-1.6966397762298584 -0.8066802024841309 8.281518936157227 3.12827205657959 0.7888538837432861 2.9382686614990234
-1.751004695892334 -0.8313724994659424 8.347089767456055 3.1950531005859375 0.8056939840316772 3.011232376098633
-1.7699999809265137 -0.8399999141693115 8.369999885559082 3.2183868885040283 0.8115780353546143 3.0455992221832275
-1.754194974899292 -0.8367373943328857 8.334981918334961 3.2178680896759033 0.8114774823188782 3.057896614074707
-1.708959937095642 -0.8273999094963074 8.234759330749512 3.216383218765259 0.8107734322547913 3.067744016647339
-1.637565016746521 -0.8126624226570129 8.076577186584473 3.2140398025512695 0.8088625073432922 3.0754129886627197
-1.543280005455017 -0.7931999564170837 7.867680072784424 3.210944652557373 0.805141270160675 3.0811760425567627
-1.4293750524520874 -0.7696874737739563 7.615312576293945 3.2072057723999023 0.7990062236785889 3.0853052139282227
-1.2991200685501099 -0.7427999377250671 7.326719760894775 3.202930212020874 0.7898539304733276 3.08807373046875
-1.1557849645614624 -0.7132124304771423 7.009147644042969 3.198225259780884 0.7770809531211853 3.089752674102783
-1.0026400089263916 -0.6815999150276184 6.669840335845947 3.1931984424591064 0.7600838541984558 3.0906150341033936
-0.8429549932479858 -0.6486374735832214 6.316041946411133 3.1879565715789795 0.7382591962814331 3.0909323692321777
-0.6799999475479126 -0.6149998903274536 5.954999923706055 3.182607650756836 0.7110034227371216 3.0909781455993652
-0.5170449018478394 -0.5813624858856201 5.593957424163818 3.1772587299346924 0.6777132749557495 3.0910232067108154
-0.3573598265647888 -0.5483999252319336 5.24015998840332 3.1720170974731445 0.6377851366996765 3.0913407802581787
-0.20421481132507324 -0.5167874097824097 4.900852203369141 3.166990041732788 0.5906156301498413 3.09220290184021
-0.06087994575500488 -0.487199991941452 4.583280563354492 3.162285089492798 0.5356013774871826 3.0938820838928223
0.06937515735626221 -0.46031248569488525 4.294687271118164 3.1580092906951904 0.47213879227638245 3.0966501235961914
0.18328046798706055 -0.4367999732494354 4.042319297790527 3.1542704105377197 0.3996244966983795 3.1007795333862305
0.27756524085998535 -0.41733747720718384 3.8334217071533203 3.1511754989624023 0.3174550533294678 3.1065428256988525
0.34896039962768555 -0.4025999903678894 3.6752405166625977 3.148832082748413 0.2250269651412964 3.1142115592956543
0.3941953182220459 -0.39326250553131104 3.575016975402832 3.1473472118377686 0.12173694372177124 3.124058723449707
0.4099999964237213 -0.38999998569488525 3.5399999618530273 3.1468284130096436 0.006981313228607178 3.1363563537597656
0.4099999964237213 -0.38999998569488525 3.5475449562072754 3.191002368927002 -0.1329658329486847 3.1945371627807617
0.4099999964237213 -0.38999998569488525 3.5715599060058594 3.3174309730529785 -0.309277206659317 3.3356590270996094
0.4099999964237213 -0.38999998569488525 3.614114999771118 3.516974925994873 -0.5187265872955322 3.5504300594329834
0.4099999964237213 -0.38999998569488525 3.6772799491882324 3.7804946899414062 -0.7580873966217041 3.829559564590454
0.4099999964237213 -0.38999998569488525 3.76312518119812 4.098851203918457 -1.0241334438323975 4.163755893707275
0.4099999964237213 -0.38999998569488525 3.873720169067383 4.462904453277588 -1.3136385679244995 4.543727397918701
0.4099999964237213 -0.38999998569488525 4.011135101318359 4.863515377044678 -1.6233757734298706 4.960183620452881
0.4099999964237213 -0.38999998569488525 4.177440643310547 5.2915449142456055 -1.9501193761825562 5.40383243560791
0.4099999964237213 -0.38999998569488525 4.3747053146362305 5.737853050231934 -2.290642738342285 5.865383148193359
0.4099999964237213 -0.38999998569488525 4.6050004959106445 6.193300724029541 -2.641719341278076 6.335544586181641
0.4099999964237213 -0.38999998569488525 4.870395660400391 6.64874792098999 -3.0001232624053955 6.805025100708008
0.4099999964237213 -0.38999998569488525 5.17296028137207 7.095056056976318 -3.3626279830932617 7.264533996582031
0.4099999964237213 -0.38999998569488525 5.51476526260376 7.52308464050293 -3.7260069847106934 7.704780578613281
0.4099999964237213 -0.38999998569488525 5.897880554199219 7.923696041107178 -4.087034225463867 8.116471290588379
0.4099999964237213 -0.38999998569488525 6.324375152587891 8.287750244140625 -4.442482948303223 8.490318298339844
0.4099999964237213 -0.38999998569488525 6.796319961547852 8.606106758117676 -4.789127349853516 8.81702709197998
0.4099999964237213 -0.38999998569488525 7.3157854080200195 8.869625091552734 -5.123741149902344 9.08730697631836
0.4099999964237213 -0.38999998569488525 7.88484001159668 9.069169998168945 -5.44309663772583 9.291868209838867
0.4099999964237213 -0.38999998569488525 8.505555152893066 9.195597648620605 -5.743968963623047 9.421418190002441
0.4099999964237213 -0.38999998569488525 9.180000305175781 9.23977279663086 -6.023130893707275 9.466665267944336
0.4046350121498108 -0.3889849781990051 9.908384323120117 9.230218887329102 -6.278087615966797 9.46596908569336
0.3892799913883209 -0.38607996702194214 10.683480262756348 9.202876091003418 -6.509264945983887 9.463976860046387
0.3650449812412262 -0.3814949691295624 11.496195793151855 9.159721374511719 -6.71782112121582 9.460833549499512
0.3330399692058563 -0.37543997168540955 12.337441444396973 9.102729797363281 -6.904912948608398 9.456681251525879
0.294374942779541 -0.36812499165534973 13.198125839233398 9.033878326416016 -7.071699142456055 9.451666831970215
0.25015994906425476 -0.35975998640060425 14.069160461425781 8.955144882202148 -7.219335556030273 9.445930480957031
0.20150497555732727 -0.3505549728870392 14.941455841064453 8.868504524230957 -7.348980903625488 9.439619064331055
0.14951997995376587 -0.340719997882843 15.805919647216797 8.775934219360352 -7.461791515350342 9.432875633239746
0.09531497955322266 -0.3304649889469147 16.653465270996094 8.679410934448242 -7.558926582336426 9.425844192504883
0.03999999165534973 -0.31999996304512024 17.475000381469727 8.580910682678223 -7.641542434692383 9.418668746948242
-0.015315026044845581 -0.3095349669456482 18.261436462402344 8.48241138458252 -7.710796356201172 9.411493301391602
-0.0695199966430664 -0.29927998781204224 19.003679275512695 8.38588809967041 -7.76784610748291 9.404461860656738
-0.12150496244430542 -0.2894449830055237 19.692646026611328 8.293317794799805 -7.813848972320557 9.39771842956543
-0.17016005516052246 -0.280239999294281 20.31924057006836 8.206677436828613 -7.849963665008545 9.391407012939453
-0.21437501907348633 -0.2718749940395355 20.87437629699707 8.127943992614746 -7.877346515655518 9.38567066192627
-0.25304001569747925 -0.2645599842071533 21.348962783813477 8.05909252166748 -7.897154331207275 9.380655288696289
-0.28504496812820435 -0.2585049867630005 21.733905792236328 8.002100944519043 -7.910545825958252 9.376503944396973
-0.30928003787994385 -0.2539200186729431 22.02012062072754 7.9589457511901855 -7.9186787605285645 9.373359680175781
-0.3246351480484009 -0.2510150074958801 22.198516845703125 7.931602954864502 -7.922708511352539 9.371368408203125
