16.30889129638672 0.27420884370803833 5.138309001922607 1.3892822265625 0.0 1.5707963705062866
16.003177642822266 -0.28389158844947815 4.967870235443115 1.4006543159484863 0.0 1.538514256477356
15.138216972351074 -1.779600739479065 4.511093616485596 1.4311318397521973 0.0 1.4481124877929688
13.792290687561035 -3.945030450820923 3.849790573120117 1.4752558469772339 0.0 1.3092583417892456
12.04367733001709 -6.51229190826416 3.0657713413238525 1.527567744255066 0.0 1.1316192150115967
9.970650672912598 -9.213499069213867 2.240846872329712 1.5826090574264526 0.0 0.924862265586853
7.651493072509766 -11.78076171875 1.4568276405334473 1.6349210739135742 0.0 0.6986546516418457
5.164480209350586 -13.946189880371094 0.795525074005127 1.6790450811386108 0.0 0.4626636505126953
2.587890148162842 -15.441900253295898 0.3387484550476074 1.7095224857330322 0.0 0.22655612230300903
0.0 -16.0 0.16830921173095703 1.720894694328308 0.0 0.0
-2.527632236480713 -15.768000602722168 0.16830921173095703 1.720894694328308 0.0 -0.209295392036438
-4.9503326416015625 -15.104000091552734 0.16830921173095703 1.720894694328308 0.0 -0.4014492928981781
-7.230147361755371 -14.055999755859375 0.16830921173095703 1.720894694328308 0.0 -0.5785384178161621
-9.32912540435791 -12.67199993133545 0.16830921173095703 1.720894694328308 0.0 -0.7426396012306213
-11.209310531616211 -11.0 0.16830921173095703 1.720894694328308 0.0 -0.8958294987678528
-12.83275032043457 -9.088000297546387 0.16830921173095703 1.720894694328308 0.0 -1.0401848554611206
-14.161492347717285 -6.983999252319336 0.16830921173095703 1.720894694328308 0.0 -1.177782416343689
-15.157583236694336 -4.735999584197998 0.16830921173095703 1.720894694328308 0.0 -1.3106989860534668
-15.783071517944336 -2.3919992446899414 0.16830921173095703 1.720894694328308 0.0 -1.4410114288330078
-16.0 0.0 0.16830921173095703 1.720894694328308 0.0 -1.5707963705062866
-15.768000602722168 2.392000198364258 0.335469126701355 1.7095081806182861 0.0 -1.7019755840301514
-15.104000091552734 4.7360005378723145 0.7891889810562134 1.678601861000061 0.0 -1.8358510732650757
-14.055999755859375 6.984000205993652 1.4578288793563843 1.6330558061599731 0.0 -1.973570466041565
-12.67199993133545 9.088000297546387 2.2697484493255615 1.5777498483657837 0.0 -2.1162805557250977
-11.0 11.0 3.153308629989624 1.517563819885254 0.0 -2.2651286125183105
-9.08799934387207 12.672000885009766 4.036868572235107 1.4573779106140137 0.0 -2.421262264251709
-6.9840006828308105 14.056002616882324 4.848788261413574 1.4020719528198242 0.0 -2.5858283042907715
-4.735999584197998 15.104000091552734 5.517429351806641 1.3565256595611572 0.0 -2.7599737644195557
-2.391998291015625 15.7680025100708 5.971148490905762 1.3256194591522217 0.0 -2.9448466300964355
0.0 16.0 6.138309001922607 1.3142329454421997 0.0 -3.1415927410125732
2.392000675201416 15.55199909210205 6.138309478759766 1.3142329454421997 0.0 -3.3500585556030273
4.7360005378723145 14.335999488830566 6.138309478759766 1.3142329454421997 0.0 -3.564880132675171
6.9840006828308105 12.543998718261719 6.138309478759766 1.3142329454421997 0.0 -3.7793920040130615
9.088000297546387 10.368000030517578 6.138309478759766 1.3142329454421997 0.0 -3.9869279861450195
11.0 8.0 6.138309478759766 1.3142329454421997 0.0 -4.18082332611084
12.67199993133545 5.631999969482422 6.138309955596924 1.3142329454421997 0.0 -4.35441255569458
14.055999755859375 3.4560012817382812 6.138309955596924 1.3142329454421997 0.0 -4.501029014587402
15.104000091552734 1.6639995574951172 6.138309955596924 1.3142329454421997 0.0 -4.614007949829102
15.767999649047852 0.4479999542236328 6.138309478759766 1.3142329454421997 0.0 -4.686683177947998
