0.05 0.11 8.27 2.103122 2.602286 0.277507
0.87 -0.35 4.37 0.143117 3.520329 -0.188496
0.87 -0.35 4.37 0.363029 3.764676 0.080285
0 0 5.62 -0.9190316 -1.022763 0
1.2 0.03 5.62 -0.9190316 -1.022763 0
1.19 -0.95 5.67 -0.666716 -2.790781 -0.099484
-0.72 -0.06 5.67 -0.666716 -2.790781 -0.099484
-0.72 -0.06 5.67 -0.666716 -3.026401 -0.099484
-0.72 -0.94 5.67 -0.666716 -3.026401 -0.099484
0 0 6.22 -0.582940 -2.858849 0.591667
1.4 -0.4 6.22 -0.582940 -2.11047 0.572468
0.87 -0.45 4.37 0.383029 3.764676 0.080285
0 0 5.62 -0.9190316 -1.222763 0
1.2 0.05 5.62 -0.9890316 -1.022763 0
0 0 6.22 -0.62940 -2.98849 0.591667
1.4 -0.4 6.22 -0.72940 -2.61047 0.572468
