3.1499998569488525 -3.25 17.59000015258789 4.71238899230957 1.5707963705062866 0.0
3.148089647293091 -3.2494962215423584 17.59000015258789 4.71238899230957 1.5707544088363647 -1.612335108802654e-05
3.1424102783203125 -3.2479989528656006 17.59000015258789 4.71238899230957 1.570629358291626 -6.406055763363838e-05
3.1330389976501465 -3.245528221130371 17.59000015258789 4.71238899230957 1.5704224109649658 -0.0001431623677490279
3.1200523376464844 -3.2421042919158936 17.59000015258789 4.71238899230957 1.5701347589492798 -0.00025277951499447227
3.103527307510376 -3.2377474308013916 17.59000015258789 4.71238899230957 1.569767713546753 -0.0003922627365682274
3.08354115486145 -3.232478141784668 17.59000015258789 4.71238899230957 1.569322109222412 -0.0005609627114608884
3.0601699352264404 -3.226316452026367 17.59000015258789 4.71238899230957 1.568799614906311 -0.0007582303369417787
3.033491849899292 -3.219282388687134 17.59000015258789 4.71238899230957 1.5682010650634766 -0.0009834162192419171
3.003582715988159 -3.211397171020508 17.59000015258789 4.71238899230957 1.5675278902053833 -0.0012358709936961532
2.970519781112671 -3.2026801109313965 17.59000015258789 4.71238899230957 1.5667811632156372 -0.0015149457613006234
2.934380292892456 -3.1931517124176025 17.59000015258789 4.71238899230957 1.5659621953964233 -0.0018199908081442118
2.8952407836914062 -3.1828324794769287 17.59000015258789 4.71238899230957 1.5650721788406372 -0.002150357235223055
2.8531785011291504 -3.1717429161071777 17.59000015258789 4.71238899230957 1.5641120672225952 -0.0025053953286260366
2.80826997756958 -3.159902811050415 17.59000015258789 4.71238899230957 1.5630834102630615 -0.002884456655010581
2.760592460632324 -3.1473326683044434 17.59000015258789 4.71238899230957 1.5619871616363525 -0.003286890685558319
2.7102227210998535 -3.1340525150299072 17.59000015258789 4.71238899230957 1.5608245134353638 -0.003712049685418606
2.6572377681732178 -3.1200828552246094 17.59000015258789 4.71238899230957 1.5595968961715698 -0.004159282892942429
2.6017141342163086 -3.1054441928863525 17.59000015258789 4.71238899230957 1.5583053827285767 -0.004627942573279142
2.543729305267334 -3.090156316757202 17.59000015258789 4.71238899230957 1.5569510459899902 -0.005117378197610378
2.4833600521087646 -3.07423996925354 17.59000015258789 4.71238899230957 1.5555351972579956 -0.005626940634101629
2.420682907104492 -3.0577151775360107 17.59000015258789 4.71238899230957 1.5540590286254883 -0.006155981682240963
2.3557753562927246 -3.040602207183838 17.59000015258789 4.71238899230957 1.5525238513946533 -0.006703849881887436
2.2887136936187744 -3.022921323776245 17.59000015258789 4.71238899230957 1.5509307384490967 -0.007269898429512978
2.2195756435394287 -3.004693031311035 17.59000015258789 4.71238899230957 1.5492806434631348 -0.007853478193283081
2.1484375 -2.9859375953674316 17.59000015258789 4.71238899230957 1.5475752353668213 -0.008453937247395515
2.075376272201538 -2.9666748046875 17.59000015258789 4.71238899230957 1.5458155870437622 -0.009070628322660923
2.0004689693450928 -2.946925640106201 17.59000015258789 4.71238899230957 1.544002652168274 -0.009702901355922222
1.9237927198410034 -2.9267098903656006 17.59000015258789 4.71238899230957 1.542137861251831 -0.010350107215344906
1.845423936843872 -2.906048059463501 17.59000015258789 4.71238899230957 1.5402222871780396 -0.011011598631739616
1.7654399871826172 -2.884960174560547 17.59000015258789 4.71238899230957 1.5382572412490845 -0.011686722747981548
1.683917760848999 -2.863466501235962 17.59000015258789 4.71238899230957 1.5362439155578613 -0.01237483136355877
1.6009337902069092 -2.841588020324707 17.59000015258789 4.71238899230957 1.5341835021972656 -0.013075280003249645
1.5165653228759766 -2.8193442821502686 17.59000015258789 4.71238899230957 1.5320769548416138 -0.013787411153316498
1.430889368057251 -2.79675555229187 17.59000015258789 4.71238899230957 1.52992582321167 -0.014510581269860268
1.3439826965332031 -2.7738428115844727 17.59000015258789 4.71238899230957 1.52773118019104 -0.01524413749575615
1.2559218406677246 -2.7506253719329834 17.59000015258789 4.71238899230957 1.52549409866333 -0.015987437218427658
1.166784644126892 -2.7271244525909424 17.59000015258789 4.71238899230957 1.5232160091400146 -0.016739822924137115
1.0766472816467285 -2.703359365463257 17.59000015258789 4.71238899230957 1.5208977460861206 -0.01750064827501774
0.9855866432189941 -2.679351329803467 17.59000015258789 4.71238899230957 1.5185409784317017 -0.018269268795847893
0.8936800360679626 -2.6551201343536377 17.59000015258789 4.71238899230957 1.5161465406417847 -0.0190450306981802
0.8010045289993286 -2.630686044692993 17.59000015258789 4.71238899230957 1.5137159824371338 -0.019827280193567276
0.7076365351676941 -2.606069564819336 17.59000015258789 4.71238899230957 1.5112501382827759 -0.02061537839472294
0.6136528253555298 -2.5812907218933105 17.59000015258789 4.71238899230957 1.508750319480896 -0.021408669650554657
0.519131064414978 -2.556370258331299 17.59000015258789 4.71238899230957 1.5062177181243896 -0.02220650389790535
0.4241480827331543 -2.531327724456787 17.59000015258789 4.71238899230957 1.503653645515442 -0.023008232936263084
0.3287796974182129 -2.506183624267578 17.59000015258789 4.71238899230957 1.5010592937469482 -0.023813210427761078
0.23310422897338867 -2.480958938598633 17.59000015258789 4.71238899230957 1.4984357357025146 -0.02462078630924225
0.1371978521347046 -2.4556729793548584 17.59000015258789 4.71238899230957 1.4957841634750366 -0.025430310517549515
0.0411374568939209 -2.430346965789795 17.59000015258789 4.71238899230957 1.4931058883666992 -0.026241127401590347
-0.05499982833862305 -2.4049999713897705 17.59000015258789 4.71238899230957 1.4904022216796875 -0.02705259993672371
-0.1511368751525879 -2.3796534538269043 17.59000015258789 4.71238899230957 1.4876739978790283 -0.02786407060921192
-0.24719727039337158 -2.3543272018432617 17.59000015258789 4.71238899230957 1.4849227666854858 -0.028674891218543053
-0.3431035280227661 -2.3290414810180664 17.59000015258789 4.71238899230957 1.4821494817733765 -0.02948441170156002
-0.438779354095459 -2.303816556930542 17.59000015258789 4.71238899230957 1.4793555736541748 -0.030291985720396042
-0.5341470241546631 -2.278672695159912 17.59000015258789 4.71238899230957 1.4765419960021973 -0.031096963211894035
-0.6291303634643555 -2.2536301612854004 17.59000015258789 4.71238899230957 1.473710060119629 -0.03189869225025177
-0.7236521244049072 -2.2287096977233887 17.59000015258789 4.71238899230957 1.4708610773086548 -0.03269652649760246
-0.8176355361938477 -2.2039308547973633 17.59000015258789 4.71238899230957 1.4679960012435913 -0.03348981589078903
-0.9110043048858643 -2.179314136505127 17.59000015258789 4.71238899230957 1.4651161432266235 -0.034277915954589844
-1.0036797523498535 -2.1548800468444824 17.59000015258789 4.71238899230957 1.462222933769226 -0.03506016731262207
-1.0955860614776611 -2.1306488513946533 17.59000015258789 4.71238899230957 1.4593173265457153 -0.035835929214954376
-1.1866459846496582 -2.1066408157348633 17.59000015258789 4.71238899230957 1.4564003944396973 -0.03660454601049423
-1.2767844200134277 -2.082876205444336 17.59000015258789 4.71238899230957 1.453473687171936 -0.037365369498729706
-1.3659214973449707 -2.059375047683716 17.59000015258789 4.71238899230957 1.450538158416748 -0.03811775892972946
-1.4539823532104492 -2.0361576080322266 17.59000015258789 4.71238899230957 1.4475950002670288 -0.03886105865240097
-1.5408895015716553 -2.01324462890625 17.59000015258789 4.71238899230957 1.4446455240249634 -0.0395946204662323
-1.62656569480896 -1.9906561374664307 17.59000015258789 4.71238899230957 1.4416909217834473 -0.04031778872013092
-1.7109336853027344 -1.9684122800827026 17.59000015258789 4.71238899230957 1.438732385635376 -0.0410299226641655
-1.7939176559448242 -1.9465335607528687 17.59000015258789 4.71238899230957 1.4357709884643555 -0.0417303629219532
-1.8754401206970215 -1.9250402450561523 17.59000015258789 4.71238899230957 1.4328081607818604 -0.042418472468853
-1.9554238319396973 -1.9039523601531982 17.59000015258789 4.71238899230957 1.4298447370529175 -0.04309359937906265
-2.033792495727539 -1.883290410041809 17.59000015258789 4.71238899230957 1.4268823862075806 -0.04375508800148964
-2.110468864440918 -1.863074541091919 17.59000015258789 4.71238899230957 1.4239219427108765 -0.04440229386091232
-2.1853761672973633 -1.8433252573013306 17.59000015258789 4.71238899230957 1.4209647178649902 -0.04503456875681877
-2.2584376335144043 -1.824062466621399 17.59000015258789 4.71238899230957 1.4180119037628174 -0.04565126821398735
-2.3295750617980957 -1.8053070306777954 17.59000015258789 4.71238899230957 1.415064811706543 -0.04625171795487404
-2.398714065551758 -1.787078619003296 17.59000015258789 4.71238899230957 1.412124514579773 -0.04683529958128929
-2.465775489807129 -1.7693979740142822 17.59000015258789 4.71238899230957 1.4091922044754028 -0.04740134999155998
-2.5306830406188965 -1.7522850036621094 17.59000015258789 4.71238899230957 1.4062691926956177 -0.04794922098517418
-2.593360424041748 -1.7357600927352905 17.59000015258789 4.71238899230957 1.4033564329147339 -0.04847826436161995
-2.6537294387817383 -1.719843864440918 17.59000015258789 4.71238899230957 1.4004554748535156 -0.048987820744514465
-2.7117137908935547 -1.7045561075210571 17.59000015258789 4.71238899230957 1.3975673913955688 -0.04947725310921669
-2.767237663269043 -1.689916968345642 17.59000015258789 4.71238899230957 1.3946932554244995 -0.04994592070579529
-2.8202223777770996 -1.675947666168213 17.59000015258789 4.71238899230957 1.3918341398239136 -0.050393156707286835
-2.8705930709838867 -1.6626675128936768 17.59000015258789 4.71238899230957 1.3889917135238647 -0.050818316638469696
-2.9182701110839844 -1.650097370147705 17.59000015258789 4.71238899230957 1.3861668109893799 -0.05122074484825134
-2.9631776809692383 -1.6382572650909424 17.59000015258789 4.71238899230957 1.383360743522644 -0.051599808037281036
-3.0052413940429688 -1.6271674633026123 17.59000015258789 4.71238899230957 1.3805745840072632 -0.05195484310388565
-3.0443801879882812 -1.6168482303619385 17.59000015258789 4.71238899230957 1.377809762954712 -0.05228520929813385
-3.0805187225341797 -1.6073200702667236 17.59000015258789 4.71238899230957 1.3750673532485962 -0.052590250968933105
-3.1135826110839844 -1.5986032485961914 17.59000015258789 4.71238899230957 1.3723485469818115 -0.05286932736635208
-3.143491744995117 -1.5907177925109863 17.59000015258789 4.71238899230957 1.3696545362472534 -0.05312178283929825
-3.170170783996582 -1.5836834907531738 17.59000015258789 4.71238899230957 1.3669865131378174 -0.05334697663784027
-3.193540573120117 -1.577521800994873 17.59000015258789 4.71238899230957 1.364345669746399 -0.05354424566030502
-3.2135276794433594 -1.5722525119781494 17.59000015258789 4.71238899230957 1.361733317375183 -0.05371294915676117
-3.2300519943237305 -1.5678956508636475 17.59000015258789 4.71238899230957 1.3591505289077759 -0.05385243147611618
-3.243040084838867 -1.56447172164917 17.59000015258789 4.71238899230957 1.3565986156463623 -0.053962044417858124
-3.252410888671875 -1.5620007514953613 17.59000015258789 4.71238899230957 1.3540786504745483 -0.05404113978147507
-3.258089065551758 -1.5605037212371826 17.59000015258789 4.71238899230957 1.351591944694519 -0.05408908426761627
-3.259999990463257 -1.5600000619888306 17.59000015258789 4.71238899230957 1.3491395711898804 -0.05410520359873772
-3.2523038387298584 -1.5600000619888306 17.59000015258789 4.71238899230957 1.3467227220535278 -0.0537952296435833
-3.2296321392059326 -1.5600000619888306 17.59000015258789 4.71238899230957 1.3443419933319092 -0.05288207530975342
-3.192608118057251 -1.5600000619888306 17.59000015258789 4.71238899230957 1.3419979810714722 -0.051390863955020905
-3.1418559551239014 -1.5600000619888306 17.59000015258789 4.71238899230957 1.3396910429000854 -0.04934673756361008
-3.0779998302459717 -1.5600000619888306 17.59000015258789 4.71238899230957 1.3374218940734863 -0.04677481949329376
-3.00166392326355 -1.5600000619888306 17.59000015258789 4.71238899230957 1.3351908922195435 -0.04370024800300598
-2.9134719371795654 -1.5600000619888306 17.59000015258789 4.71238899230957 1.3329986333847046 -0.04014815390110016
-2.8140478134155273 -1.5600000619888306 17.59000015258789 4.71238899230957 1.330845832824707 -0.03614366427063942
-2.7040157318115234 -1.5600000619888306 17.59000015258789 4.71238899230957 1.3287326097488403 -0.03171192482113838
-2.5839998722076416 -1.5600000619888306 17.59000015258789 4.71238899230957 1.3266597986221313 -0.026878060773015022
-2.4546239376068115 -1.5600000619888306 17.59000015258789 4.71238899230957 1.3246277570724487 -0.021667206659913063
-2.316511869430542 -1.5600000619888306 17.59000015258789 4.71238899230957 1.3226370811462402 -0.01610449142754078
-2.170287609100342 -1.5600000619888306 17.59000015258789 4.71238899230957 1.3206883668899536 -0.010215047746896744
-2.016575813293457 -1.5600000619888306 17.59000015258789 4.71238899230957 1.318782091140747 -0.004024021327495575
-1.8559997081756592 -1.5600000619888306 17.59000015258789 4.71238899230957 1.3169187307357788 0.0024434709921479225
-1.6891834735870361 -1.5600000619888306 17.59000015258789 4.71238899230957 1.3150986433029175 0.00916229747235775
-1.5167516469955444 -1.5600000619888306 17.59000015258789 4.71238899230957 1.3133227825164795 0.01610730215907097
-1.3393275737762451 -1.5600000619888306 17.59000015258789 4.71238899230957 1.3115912675857544 0.023253388702869415
-1.157535433769226 -1.5600000619888306 17.59000015258789 4.71238899230957 1.3099048137664795 0.03057539463043213
-0.9719993472099304 -1.5600000619888306 17.59000015258789 4.71238899230957 1.3082640171051025 0.03804819658398628
-0.7833435535430908 -1.5600000619888306 17.59000015258789 4.71238899230957 1.3066691160202026 0.045646656304597855
-0.5921915769577026 -1.5600000619888306 17.59000015258789 4.71238899230957 1.3051210641860962 0.05334565415978432
-0.39916741847991943 -1.5600000619888306 17.59000015258789 4.71238899230957 1.3036199808120728 0.06112005189061165
-0.20489561557769775 -1.5600000619888306 17.59000015258789 4.71238899230957 1.3021665811538696 0.06894469261169434
-0.009999632835388184 -1.5600000619888306 17.59000015258789 4.71238899230957 1.3007612228393555 0.07679449766874313
0.1848963499069214 -1.5600000619888306 17.59000015258789 4.71238899230957 1.2994046211242676 0.08464428037405014
0.3791687488555908 -1.5600000619888306 17.59000015258789 4.71238899230957 1.2980973720550537 0.09246895462274551
0.5721921920776367 -1.5600000619888306 17.59000015258789 4.71238899230957 1.2968398332595825 0.10024334490299225
0.7633445262908936 -1.5600000619888306 17.59000015258789 4.71238899230957 1.2956324815750122 0.10794235020875931
0.952000617980957 -1.5600000619888306 17.59000015258789 4.71238899230957 1.2944759130477905 0.11554079502820969
1.1375367641448975 -1.5600000619888306 17.59000015258789 4.71238899230957 1.2933706045150757 0.12301359325647354
1.3193278312683105 -1.5600000619888306 17.59000015258789 4.71238899230957 1.292317271232605 0.13033561408519745
1.4967522621154785 -1.5600000619888306 17.59000015258789 4.71238899230957 1.291316270828247 0.1374817192554474
1.669184684753418 -1.5600000619888306 17.59000015258789 4.71238899230957 1.2903680801391602 0.14442670345306396
1.8359999656677246 -1.5600000619888306 17.59000015258789 4.71238899230957 1.2894734144210815 0.15114551782608032
1.9965753555297852 -1.5600000619888306 17.59000015258789 4.71238899230957 1.2886325120925903 0.15761299431324005
2.1502881050109863 -1.5600000619888306 17.59000015258789 4.71238899230957 1.2878462076187134 0.16380402445793152
2.296511650085449 -1.5600000619888306 17.59000015258789 4.71238899230957 1.2871148586273193 0.1696934700012207
2.4346237182617188 -1.5600000619888306 17.59000015258789 4.71238899230957 1.2864389419555664 0.1752561777830124
2.564000129699707 -1.5600000619888306 17.59000015258789 4.71238899230957 1.2858190536499023 0.18046706914901733
2.684016227722168 -1.5600000619888306 17.59000015258789 4.71238899230957 1.285255789756775 0.18530091643333435
2.794048309326172 -1.5600000619888306 17.59000015258789 4.71238899230957 1.2847495079040527 0.1897326111793518
2.8934717178344727 -1.5600000619888306 17.59000015258789 4.71238899230957 1.2843009233474731 0.19373708963394165
2.9816646575927734 -1.5600000619888306 17.59000015258789 4.71238899230957 1.2839103937149048 0.19728919863700867
3.057999610900879 -1.5600000619888306 17.59000015258789 4.71238899230957 1.2835785150527954 0.20036375522613525
3.121856689453125 -1.5600000619888306 17.59000015258789 4.71238899230957 1.2833058834075928 0.20293569564819336
3.172607421875 -1.5600000619888306 17.59000015258789 4.71238899230957 1.283092737197876 0.2049797773361206
3.20963191986084 -1.5600000619888306 17.59000015258789 4.71238899230957 1.2829400300979614 0.20647099614143372
3.232302665710449 -1.5600000619888306 17.59000015258789 4.71238899230957 1.2828480005264282 0.2073841691017151
3.240000009536743 -1.5600000619888306 17.59000015258789 4.71238899230957 1.2828171253204346 0.2076941728591919
3.2321856021881104 -1.562143087387085 17.590059280395508 4.71238899230957 1.2828173637390137 0.20736560225486755
3.20916485786438 -1.5684564113616943 17.590234756469727 4.71238899230957 1.282819151878357 0.2063976675271988
3.1715712547302246 -1.578766107559204 17.590518951416016 4.71238899230957 1.282823920249939 0.20481698215007782
3.1200385093688965 -1.5928986072540283 17.59090805053711 4.71238899230957 1.282833218574524 0.20265020430088043
3.0552000999450684 -1.6106799840927124 17.591400146484375 4.71238899230957 1.282848596572876 0.19992396235466003
2.977689743041992 -1.6319366693496704 17.59198570251465 4.71238899230957 1.2828713655471802 0.1966649293899536
2.888140916824341 -1.6564947366714478 17.59266471862793 4.71238899230957 1.2829033136367798 0.1928997039794922
2.787187337875366 -1.684180498123169 17.593429565429688 4.71238899230957 1.2829457521438599 0.18865495920181274
2.675462484359741 -1.714820146560669 17.594276428222656 4.71238899230957 1.2830003499984741 0.1839573085308075
2.5536000728607178 -1.7482399940490723 17.59520149230957 4.71238899230957 1.2830684185028076 0.17883341014385223
2.422233819961548 -1.7842662334442139 17.596195220947266 4.71238899230957 1.283151626586914 0.17330992221832275
2.281996965408325 -1.8227250576019287 17.597257614135742 4.71238899230957 1.283251404762268 0.16741344332695007
2.133523464202881 -1.8634427785873413 17.5983829498291 4.71238899230957 1.2833693027496338 0.16117064654827118
1.9774466753005981 -1.9062457084655762 17.599565505981445 4.71238899230957 1.2835067510604858 0.15460814535617828
1.8144001960754395 -1.9509599208831787 17.600799560546875 4.71238899230957 1.2836652994155884 0.14775259792804718
1.6450179815292358 -1.9974117279052734 17.602083206176758 4.71238899230957 1.2838466167449951 0.14063064754009247
1.469933032989502 -2.0454275608062744 17.603408813476562 4.71238899230957 1.2840518951416016 0.13326893746852875
1.2897794246673584 -2.0948331356048584 17.604774475097656 4.71238899230957 1.2842828035354614 0.12569409608840942
1.1051905155181885 -2.1454553604125977 17.606172561645508 4.71238899230957 1.2845410108566284 0.1179327592253685
0.9168002605438232 -2.197119951248169 17.607601165771484 4.71238899230957 1.284827709197998 0.11001160740852356
0.7252417802810669 -2.2496533393859863 17.609050750732422 4.71238899230957 1.2851446866989136 0.10195722430944443
0.5311489105224609 -2.302881956100464 17.61052131652832 4.71238899230957 1.28549325466156 0.09379628300666809
0.33515501022338867 -2.3566317558288574 17.61200714111328 4.71238899230957 1.2858749628067017 0.08555542677640915
0.13789451122283936 -2.410728931427002 17.613500595092773 4.71238899230957 1.286291480064392 0.0772612914443016
-0.059999942779541016 -2.4650001525878906 17.61499786376953 4.71238899230957 1.2867441177368164 0.06894050538539886
-0.25789427757263184 -2.519270896911621 17.616498947143555 4.71238899230957 1.2872344255447388 0.06061973422765732
-0.4551553726196289 -2.573368549346924 17.617992401123047 4.71238899230957 1.2877639532089233 0.05232557654380798
-0.6511490345001221 -2.6271181106567383 17.619478225708008 4.71238899230957 1.2883342504501343 0.044084712862968445
-0.8452415466308594 -2.6803462505340576 17.620948791503906 4.71238899230957 1.2889467477798462 0.03592380881309509
-1.036799669265747 -2.732880115509033 17.622400283813477 4.71238899230957 1.2896029949188232 0.027869418263435364
-1.2251899242401123 -2.7845444679260254 17.62382698059082 4.71238899230957 1.29030442237854 0.019948244094848633
-1.4097797870635986 -2.8351669311523438 17.625225067138672 4.71238899230957 1.2910525798797607 0.0121869295835495
-1.5899336338043213 -2.884572744369507 17.626588821411133 4.71238899230957 1.2918490171432495 0.004612058401107788
-1.7650184631347656 -2.9325881004333496 17.62791633605957 4.71238899230957 1.2926952838897705 -0.0027496367692947388
-1.9344000816345215 -2.9790401458740234 17.629199981689453 4.71238899230957 1.2935928106307983 -0.00987158715724945
-2.0974464416503906 -3.023754119873047 17.630434036254883 4.71238899230957 1.2945430278778076 -0.01672711968421936
-2.2535243034362793 -3.066556930541992 17.631616592407227 4.71238899230957 1.295547604560852 -0.02328963577747345
-2.4019970893859863 -3.1072750091552734 17.632741928100586 4.71238899230957 1.2966079711914062 -0.029532432556152344
-2.542234420776367 -3.14573335647583 17.633804321289062 4.71238899230957 1.2977255582809448 -0.03542888164520264
-2.6736011505126953 -3.181760311126709 17.63479995727539 4.71238899230957 1.2989020347595215 -0.0409524142742157
-2.7954630851745605 -3.215179920196533 17.635723114013672 4.71238899230957 1.3001388311386108 -0.046076297760009766
-2.9071879386901855 -3.245819330215454 17.63656997680664 4.71238899230957 1.3014373779296875 -0.05077391862869263
-3.0081405639648438 -3.2735049724578857 17.6373348236084 4.71238899230957 1.3027993440628052 -0.05501869320869446
-3.097689628601074 -3.298063039779663 17.638011932373047 4.71238899230957 1.3042261600494385 -0.058783888816833496
-3.175199508666992 -3.319319725036621 17.638599395751953 4.71238899230957 1.305719256401062 -0.06204292178153992
-3.240039825439453 -3.337101459503174 17.63909149169922 4.71238899230957 1.3072803020477295 -0.06476914882659912
-3.291571617126465 -3.351233720779419 17.639480590820312 4.71238899230957 1.308910608291626 -0.06693592667579651
-3.329165458679199 -3.361543655395508 17.6397647857666 4.71238899230957 1.3106118440628052 -0.06851661205291748
-3.3521862030029297 -3.367856740951538 17.63994026184082 4.71238899230957 1.3123854398727417 -0.06948459148406982
-3.359999895095825 -3.369999885559082 17.639999389648438 4.71238899230957 1.3142329454421997 -0.06981316208839417
-3.3560335636138916 -3.368969678878784 17.639999389648438 4.71238899230957 1.3168078660964966 -0.06973873823881149
-3.344348907470703 -3.3659353256225586 17.639999389648438 4.71238899230957 1.3207242488861084 -0.06951938569545746
-3.3252670764923096 -3.3609795570373535 17.639999389648438 4.71238899230957 1.3259249925613403 -0.06916096806526184
-3.2991104125976562 -3.354186773300171 17.639999389648438 4.71238899230957 1.3323521614074707 -0.06866934895515442
-3.266200065612793 -3.345639944076538 17.639999389648438 4.71238899230957 1.3399485349655151 -0.06805038452148438
-3.2268576622009277 -3.3354225158691406 17.639999389648438 4.71238899230957 1.3486567735671997 -0.06730993837118149
-3.1814045906066895 -3.3236184120178223 17.639999389648438 4.71238899230957 1.3584190607070923 -0.06645388901233673
-3.1301631927490234 -3.3103110790252686 17.639999389648438 4.71238899230957 1.3691781759262085 -0.06548809260129929
-3.0734543800354004 -3.295583486557007 17.639999389648438 4.71238899230957 1.3808765411376953 -0.06441842019557953
-3.0116000175476074 -3.279520034790039 17.639999389648438 4.71238899230957 1.3934569358825684 -0.06325072795152664
-2.9449214935302734 -3.2622034549713135 17.639999389648438 4.71238899230957 1.406861424446106 -0.061990875750780106
-2.8737409114837646 -3.243717670440674 17.639999389648438 4.71238899230957 1.4210330247879028 -0.06064474210143089
-2.798379421234131 -3.2241461277008057 17.639999389648438 4.71238899230957 1.4359138011932373 -0.05921817943453789
-2.719158411026001 -3.2035725116729736 17.639999389648438 4.71238899230957 1.4514466524124146 -0.05771705508232117
-2.636399984359741 -3.182079792022705 17.639999389648438 4.71238899230957 1.4675740003585815 -0.05614723265171051
-2.5504257678985596 -3.159752368927002 17.639999389648438 4.71238899230957 1.4842383861541748 -0.05451458692550659
-2.461556911468506 -3.1366729736328125 17.639999389648438 4.71238899230957 1.5013821125030518 -0.052824970334768295
-2.370115280151367 -3.1129255294799805 17.639999389648438 4.71238899230957 1.5189481973648071 -0.0510842427611351
-2.2764222621917725 -3.0885932445526123 17.639999389648438 4.71238899230957 1.5368787050247192 -0.04929828271269798
-2.180799961090088 -3.0637600421905518 17.639999389648438 4.71238899230957 1.5551162958145142 -0.04747295379638672
-2.0835695266723633 -3.0385091304779053 17.639999389648438 4.71238899230957 1.5736035108566284 -0.04561410844326019
-1.9850528240203857 -3.0129239559173584 17.639999389648438 4.71238899230957 1.592283010482788 -0.043727610260248184
-1.885571002960205 -2.987088680267334 17.639999389648438 4.71238899230957 1.6110970973968506 -0.041819337755441666
-1.7854464054107666 -2.9610860347747803 17.639999389648438 4.71238899230957 1.6299885511398315 -0.03989514708518982
-1.684999942779541 -2.934999942779541 17.639999389648438 4.71238899230957 1.6488999128341675 -0.03796090558171272
-1.5845534801483154 -2.9089138507843018 17.639999389648438 4.71238899230957 1.6677733659744263 -0.03602247312664986
-1.4844287633895874 -2.882911205291748 17.639999389648438 4.71238899230957 1.6865516901016235 -0.034085713326931
-1.3849471807479858 -2.8570756912231445 17.639999389648438 4.71238899230957 1.7051774263381958 -0.03215649724006653
-1.2864304780960083 -2.8314907550811768 17.639999389648438 4.71238899230957 1.7235928773880005 -0.03024069033563137
-1.1892000436782837 -2.8062398433685303 17.639999389648438 4.71238899230957 1.7417409420013428 -0.02834414318203926
-1.0935776233673096 -2.7814066410064697 17.639999389648438 4.71238899230957 1.7595638036727905 -0.026472726836800575
-0.9998846054077148 -2.7570743560791016 17.639999389648438 4.71238899230957 1.777004361152649 -0.02463230863213539
-0.9084430932998657 -2.7333269119262695 17.639999389648438 4.71238899230957 1.7940047979354858 -0.022828757762908936
-0.8195743560791016 -2.71024751663208 17.639999389648438 4.71238899230957 1.8105076551437378 -0.021067935973405838
-0.7335996627807617 -2.687919855117798 17.639999389648438 4.71238899230957 1.82645583152771 -0.019355695694684982
-0.650841474533081 -2.6664273738861084 17.639999389648438 4.71238899230957 1.8417913913726807 -0.01769791543483734
-0.5716207027435303 -2.6458535194396973 17.639999389648438 4.71238899230957 1.856457233428955 -0.0161004476249218
-0.4962592124938965 -2.626282215118408 17.639999389648438 4.71238899230957 1.8703954219818115 -0.014569167047739029
-0.4250783920288086 -2.6077964305877686 17.639999389648438 4.71238899230957 1.8835492134094238 -0.013109929859638214
-0.3583996295928955 -2.590479850769043 17.639999389648438 4.71238899230957 1.8958606719970703 -0.01172860711812973
-0.29654574394226074 -2.574416160583496 17.639999389648438 4.71238899230957 1.9072719812393188 -0.010431058704853058
-0.2398366928100586 -2.5596890449523926 17.639999389648438 4.71238899230957 1.9177265167236328 -0.009223148226737976
-0.18859481811523438 -2.5463814735412598 17.639999389648438 4.71238899230957 1.9271659851074219 -0.008110761642456055
-0.1431431770324707 -2.5345773696899414 17.639999389648438 4.71238899230957 1.9355332851409912 -0.007099710404872894
-0.10379981994628906 -2.524359941482544 17.639999389648438 4.71238899230957 1.942771315574646 -0.006195910274982452
-0.07088899612426758 -2.515812873840332 17.639999389648438 4.71238899230957 1.9488223791122437 -0.005405209958553314
-0.04473257064819336 -2.5090200901031494 17.639999389648438 4.71238899230957 1.9536283016204834 -0.004733473062515259
-0.025650501251220703 -2.5040645599365234 17.639999389648438 4.71238899230957 1.9571325778961182 -0.004186555743217468
-0.013966560363769531 -2.5010299682617188 17.639999389648438 4.71238899230957 1.9592772722244263 -0.0037703216075897217
-0.009999990463256836 -2.5 17.639999389648438 4.71238899230957 1.9600048065185547 -0.0034906582441180944
-0.009999990463256836 -2.5 17.635143280029297 4.71238899230957 1.9592773914337158 -0.0032853796146810055
-0.009999990463256836 -2.5 17.6208438873291 4.71238899230957 1.9571346044540405 -0.003088310593739152
-0.009999990463256836 -2.5 17.597492218017578 4.71238899230957 1.9536350965499878 -0.0028992847073823214
-0.009999990463256836 -2.5 17.56547737121582 4.71238899230957 1.948838233947754 -0.0027181333862245083
-0.009999990463256836 -2.5 17.52519989013672 4.71238899230957 1.9428027868270874 -0.0025446894578635693
-0.009999990463256836 -2.5 17.477048873901367 4.71238899230957 1.9355878829956055 -0.0023787852842360735
-0.009999990463256836 -2.5 17.42142105102539 4.71238899230957 1.9272522926330566 -0.0022202536929398775
-0.009999990463256836 -2.5 17.358705520629883 4.71238899230957 1.9178550243377686 -0.002068926813080907
-0.009999990463256836 -2.5 17.289302825927734 4.71238899230957 1.907455325126648 -0.0019246370065957308
-0.009999990463256836 -2.5 17.213598251342773 4.71238899230957 1.8961118459701538 -0.0017872167518362403
-0.009999990463256836 -2.5 17.131994247436523 4.71238899230957 1.8838835954666138 -0.0016564985271543264
-0.009999990463256836 -2.5 17.044876098632812 4.71238899230957 1.8708298206329346 -0.0015323148109018803
-0.009999990463256836 -2.5 16.9526424407959 4.71238899230957 1.8570091724395752 -0.0014144983142614365
-0.009999990463256836 -2.5 16.855684280395508 4.71238899230957 1.8424808979034424 -0.001302880933508277
-0.009999990463256836 -2.5 16.754398345947266 4.71238899230957 1.8273038864135742 -0.00119729561265558
-0.009999990463256836 -2.5 16.6491756439209 4.71238899230957 1.8115370273590088 -0.0010975743643939495
-0.009999990463256836 -2.5 16.5404109954834 4.71238899230957 1.7952394485473633 -0.0010035502491518855
-0.009999990463256836 -2.5 16.428499221801758 4.71238899230957 1.7784699201583862 -0.0009150548721663654
-0.009999990463256836 -2.5 16.31382942199707 4.71238899230957 1.7612876892089844 -0.0008319217013195157
-0.009999990463256836 -2.5 16.19679832458496 4.71238899230957 1.7437515258789062 -0.0007539823418483138
-0.009999990463256836 -2.5 16.077800750732422 4.71238899230957 1.7259204387664795 -0.0006810693303123116
-0.009999990463256836 -2.5 15.95722770690918 4.71238899230957 1.7078534364700317 -0.0006130153778940439
-0.009999990463256836 -2.5 15.835474014282227 4.71238899230957 1.6896095275878906 -0.0005496533121913671
-0.009999990463256836 -2.5 15.712933540344238 4.71238899230957 1.6712477207183838 -0.0004908140981569886
-0.009999990463256836 -2.5 15.589998245239258 4.71238899230957 1.6528269052505493 -0.0004363323387224227
-0.009999990463256836 -2.5 15.46706485748291 4.71238899230957 1.6344059705734253 -0.00038603931898251176
-0.009999990463256836 -2.5 15.344524383544922 4.71238899230957 1.6160441637039185 -0.0003397669061087072
-0.009999990463256836 -2.5 15.222769737243652 4.71238899230957 1.5978002548217773 -0.00029734818963333964
-0.009999990463256836 -2.5 15.102197647094727 4.71238899230957 1.5797332525253296 -0.00025861593894660473
-0.009999990463256836 -2.5 14.983200073242188 4.71238899230957 1.5619021654129028 -0.00022340210853144526
-0.009999990463256836 -2.5 14.866169929504395 4.71238899230957 1.5443661212921143 -0.00019153952598571777
-0.009999990463256836 -2.5 14.751500129699707 4.71238899230957 1.5271837711334229 -0.000162860204000026
-0.009999990463256836 -2.5 14.639586448669434 4.71238899230957 1.5104142427444458 -0.0001371968537569046
-0.009999990463256836 -2.5 14.53082275390625 4.71238899230957 1.4941166639328003 -0.00011438189540058374
-0.009999990463256836 -2.5 14.425600051879883 4.71238899230957 1.4783498048782349 -9.424809832125902e-05
-0.009999990463256836 -2.5 14.324313163757324 4.71238899230957 1.4631726741790771 -7.662654388695955e-05
-0.009999990463256836 -2.5 14.22735595703125 4.71238899230957 1.4486443996429443 -6.13523880019784e-05
-0.009999990463256836 -2.5 14.135123252868652 4.71238899230957 1.4348238706588745 -4.825519863516092e-05
-0.009999990463256836 -2.5 14.048006057739258 4.71238899230957 1.4217700958251953 -3.716861829161644e-05
-0.009999990463256836 -2.5 13.966399192810059 4.71238899230957 1.4095418453216553 -2.792547456920147e-05
-0.009999990463256836 -2.5 13.890697479248047 4.71238899230957 1.3981984853744507 -2.035719808191061e-05
-0.009999990463256836 -2.5 13.821290969848633 4.71238899230957 1.387798547744751 -1.4298362657427788e-05
-0.009999990463256836 -2.5 13.758578300476074 4.71238899230957 1.378401517868042 -9.578652679920197e-06
-0.009999990463256836 -2.5 13.702949523925781 4.71238899230957 1.3700658082962036 -6.0319434851408005e-06
-0.009999990463256836 -2.5 13.65479850769043 4.71238899230957 1.3628509044647217 -3.4910626709461212e-06
-0.009999990463256836 -2.5 13.614521026611328 4.71238899230957 1.3568154573440552 -1.7867423593997955e-06
-0.009999990463256836 -2.5 13.582508087158203 4.71238899230957 1.3520184755325317 -7.539056241512299e-07
-0.009999990463256836 -2.5 13.559154510498047 4.71238899230957 1.3485190868377686 -2.2398307919502258e-07
-0.009999990463256836 -2.5 13.544853210449219 4.71238899230957 1.3463762998580933 -2.7706846594810486e-08
-0.009999990463256836 -2.5 13.539999008178711 4.71238899230957 1.3456488847732544 0.0
-0.009999990463256836 -2.5 13.546113967895508 4.71238899230957 1.3456504344940186 0.0
-0.009999990463256836 -2.5 13.564294815063477 4.71238899230957 1.345655083656311 0.0
-0.009999990463256836 -2.5 13.594294548034668 4.71238899230957 1.3456628322601318 0.0
-0.009999990463256836 -2.5 13.635868072509766 4.71238899230957 1.3456733226776123 0.0
-0.009999990463256836 -2.5 13.688769340515137 4.71238899230957 1.3456867933273315 0.0
-0.009999990463256836 -2.5 13.752750396728516 4.71238899230957 1.345703125 0.0
-0.009999990463256836 -2.5 13.82756519317627 4.71238899230957 1.3457223176956177 0.0
-0.009999990463256836 -2.5 13.912970542907715 4.71238899230957 1.345744013786316 0.0
-0.009999990463256836 -2.5 14.00871753692627 4.71238899230957 1.3457684516906738 0.0
-0.009999990463256836 -2.5 14.114558219909668 4.71238899230957 1.3457955121994019 0.0
-0.009999990463256836 -2.5 14.230250358581543 4.71238899230957 1.345824956893921 0.0
-0.009999990463256836 -2.5 14.355545043945312 4.71238899230957 1.3458569049835205 0.0
-0.009999990463256836 -2.5 14.49019718170166 4.71238899230957 1.3458913564682007 0.0
-0.009999990463256836 -2.5 14.633960723876953 4.71238899230957 1.3459280729293823 0.0
-0.009999990463256836 -2.5 14.786588668823242 4.71238899230957 1.3459670543670654 0.0
-0.009999990463256836 -2.5 14.947834968566895 4.71238899230957 1.346008062362671 0.0
-0.009999990463256836 -2.5 15.117452621459961 4.71238899230957 1.3460513353347778 0.0
-0.009999990463256836 -2.5 15.295196533203125 4.71238899230957 1.3460967540740967 0.0
-0.009999990463256836 -2.5 15.480820655822754 4.71238899230957 1.3461440801620483 0.0
-0.009999990463256836 -2.5 15.674077987670898 4.71238899230957 1.3461934328079224 0.0
-0.009999990463256836 -2.5 15.874723434448242 4.71238899230957 1.3462445735931396 0.0
-0.009999990463256836 -2.5 16.082508087158203 4.71238899230957 1.3462977409362793 0.0
-0.009999990463256836 -2.5 16.29718780517578 4.71238899230957 1.346352458000183 0.0
-0.009999990463256836 -2.5 16.518516540527344 4.71238899230957 1.3464089632034302 0.0
-0.009999990463256836 -2.5 16.746246337890625 4.71238899230957 1.3464670181274414 0.0
-0.009999990463256836 -2.5 16.980134963989258 4.71238899230957 1.3465267419815063 0.0
-0.009999990463256836 -2.5 17.21993064880371 4.71238899230957 1.346587896347046 0.0
-0.009999990463256836 -2.5 17.46539306640625 4.71238899230957 1.3466506004333496 0.0
-0.009999990463256836 -2.5 17.71626853942871 4.71238899230957 1.3467146158218384 0.0
-0.009999990463256836 -2.5 17.972318649291992 4.71238899230957 1.3467798233032227 0.0
-0.009999990463256836 -2.5 18.233291625976562 4.71238899230957 1.3468464612960815 0.0
-0.009999990463256836 -2.5 18.498943328857422 4.71238899230957 1.3469141721725464 0.0
-0.009999990463256836 -2.5 18.769027709960938 4.71238899230957 1.3469831943511963 0.0
-0.009999990463256836 -2.5 19.043298721313477 4.71238899230957 1.347053050994873 0.0
-0.009999990463256836 -2.5 19.321508407592773 4.71238899230957 1.3471242189407349 0.0
-0.009999990463256836 -2.5 19.603410720825195 4.71238899230957 1.3471959829330444 0.0
-0.009999990463256836 -2.5 19.888763427734375 4.71238899230957 1.34726881980896 0.0
-0.009999990463256836 -2.5 20.177316665649414 4.71238899230957 1.3473424911499023 0.0
-0.009999990463256836 -2.5 20.468822479248047 4.71238899230957 1.347416877746582 0.0
-0.009999990463256836 -2.5 20.763038635253906 4.71238899230957 1.347491979598999 0.0
-0.009999990463256836 -2.5 21.059715270996094 4.71238899230957 1.3475676774978638 0.0
-0.009999990463256836 -2.5 21.358610153198242 4.71238899230957 1.3476439714431763 0.0
-0.009999990463256836 -2.5 21.659473419189453 4.71238899230957 1.347720742225647 0.0
-0.009999990463256836 -2.5 21.962064743041992 4.71238899230957 1.3477978706359863 0.0
-0.009999990463256836 -2.5 22.266128540039062 4.71238899230957 1.3478754758834839 0.0
-0.009999990463256836 -2.5 22.57142448425293 4.71238899230957 1.3479533195495605 0.0
-0.009999990463256836 -2.5 22.877708435058594 4.71238899230957 1.3480316400527954 0.0
-0.009999990463256836 -2.5 23.18472671508789 4.71238899230957 1.3481099605560303 0.0
-0.009999990463256836 -2.5 23.492238998413086 4.71238899230957 1.3481884002685547 0.0
-0.009999990463256836 -2.5 23.799999237060547 4.71238899230957 1.348266839981079 0.0
-0.009999990463256836 -2.5 24.107755661010742 4.71238899230957 1.348345398902893 0.0
-0.009999990463256836 -2.5 24.41526985168457 4.71238899230957 1.3484238386154175 0.0
-0.009999990463256836 -2.5 24.722291946411133 4.71238899230957 1.348502278327942 0.0
-0.009999990463256836 -2.5 25.02857208251953 4.71238899230957 1.3485803604125977 0.0
-0.009999990463256836 -2.5 25.33386993408203 4.71238899230957 1.3486583232879639 0.0
-0.009999990463256836 -2.5 25.6379337310791 4.71238899230957 1.3487359285354614 0.0
-0.009999990463256836 -2.5 25.940519332885742 4.71238899230957 1.3488131761550903 0.0
-0.009999990463256836 -2.5 26.241382598876953 4.71238899230957 1.3488898277282715 0.0
-0.009999990463256836 -2.5 26.540279388427734 4.71238899230957 1.348966121673584 0.0
-0.009999990463256836 -2.5 26.836957931518555 4.71238899230957 1.3490418195724487 0.0
-0.009999990463256836 -2.5 27.131175994873047 4.71238899230957 1.3491169214248657 0.0
-0.009999990463256836 -2.5 27.422679901123047 4.71238899230957 1.3491913080215454 0.0
-0.009999990463256836 -2.5 27.711231231689453 4.71238899230957 1.3492648601531982 0.0
-0.009999990463256836 -2.5 27.99658203125 4.71238899230957 1.3493378162384033 0.0
-0.009999990463256836 -2.5 28.278491973876953 4.71238899230957 1.349409580230713 0.0
-0.009999990463256836 -2.5 28.556699752807617 4.71238899230957 1.3494807481765747 0.0
-0.009999990463256836 -2.5 28.83096694946289 4.71238899230957 1.3495506048202515 0.0
-0.009999990463256836 -2.5 29.101051330566406 4.71238899230957 1.3496195077896118 0.0
-0.009999990463256836 -2.5 29.366703033447266 4.71238899230957 1.3496873378753662 0.0
-0.009999990463256836 -2.5 29.62767791748047 4.71238899230957 1.349753975868225 0.0
-0.009999990463256836 -2.5 29.883724212646484 4.71238899230957 1.349819302558899 0.0
-0.009999990463256836 -2.5 30.134605407714844 4.71238899230957 1.3498833179473877 0.0
-0.009999990463256836 -2.5 30.380062103271484 4.71238899230957 1.3499459028244019 0.0
-0.009999990463256836 -2.5 30.619857788085938 4.71238899230957 1.350007176399231 0.0
-0.009999990463256836 -2.5 30.853744506835938 4.71238899230957 1.3500667810440063 0.0
-0.009999990463256836 -2.5 31.08148193359375 4.71238899230957 1.3501249551773071 0.0
-0.009999990463256836 -2.5 31.30280876159668 4.71238899230957 1.3501813411712646 0.0
-0.009999990463256836 -2.5 31.517486572265625 4.71238899230957 1.350236177444458 0.0
-0.009999990463256836 -2.5 31.725271224975586 4.71238899230957 1.3502891063690186 0.0
-0.009999990463256836 -2.5 31.925918579101562 4.71238899230957 1.3503403663635254 0.0
-0.009999990463256836 -2.5 32.119171142578125 4.71238899230957 1.3503897190093994 0.0
-0.009999990463256836 -2.5 32.30480194091797 4.71238899230957 1.350437045097351 0.0
-0.009999990463256836 -2.5 32.4825439453125 4.71238899230957 1.35048246383667 0.0
-0.009999990463256836 -2.5 32.65216064453125 4.71238899230957 1.3505256175994873 0.0
-0.009999990463256836 -2.5 32.81340789794922 4.71238899230957 1.3505668640136719 0.0
-0.009999990463256836 -2.5 32.966033935546875 4.71238899230957 1.3506057262420654 0.0
-0.009999990463256836 -2.5 33.10980224609375 4.71238899230957 1.350642442703247 0.0
-0.009999990463256836 -2.5 33.24444580078125 4.71238899230957 1.3506767749786377 0.0
-0.009999990463256836 -2.5 33.36974334716797 4.71238899230957 1.3507087230682373 0.0
-0.009999990463256836 -2.5 33.485435485839844 4.71238899230957 1.350738286972046 0.0
-0.009999990463256836 -2.5 33.59128189086914 4.71238899230957 1.350765347480774 0.0
-0.009999990463256836 -2.5 33.68701934814453 4.71238899230957 1.3507896661758423 0.0
-0.009999990463256836 -2.5 33.772430419921875 4.71238899230957 1.35081148147583 0.0
-0.009999990463256836 -2.5 33.84724426269531 4.71238899230957 1.3508306741714478 0.0
-0.009999990463256836 -2.5 33.911224365234375 4.71238899230957 1.3508470058441162 0.0
-0.009999990463256836 -2.5 33.96412658691406 4.71238899230957 1.350860357284546 0.0
-0.009999990463256836 -2.5 34.00569534301758 4.71238899230957 1.350870966911316 0.0
-0.009999990463256836 -2.5 34.03569793701172 4.71238899230957 1.3508787155151367 0.0
-0.009999990463256836 -2.5 34.05387878417969 4.71238899230957 1.3508833646774292 0.0
-0.009999990463256836 -2.5 34.05999755859375 4.71238899230957 1.3508849143981934 0.0
-0.052748698741197586 -2.4806113243103027 34.05999755859375 4.71238899230957 1.3492785692214966 0.0
-0.17631007730960846 -2.424569606781006 34.05999755859375 4.71238899230957 1.3446353673934937 0.0
-0.3736570179462433 -2.3350625038146973 34.05999755859375 4.71238899230957 1.3372197151184082 0.0
-0.6377623677253723 -2.2152771949768066 34.05999755859375 4.71238899230957 1.3272955417633057 0.0
-0.9615989923477173 -2.0684003829956055 34.05999755859375 4.71238899230957 1.315126657485962 0.0
-1.3381396532058716 -1.897619605064392 34.05999755859375 4.71238899230957 1.300977349281311 0.0
-1.760357141494751 -1.7061221599578857 34.05999755859375 4.71238899230957 1.285111665725708 0.0
-2.221224308013916 -1.4970948696136475 34.05999755859375 4.71238899230957 1.2677936553955078 0.0
-2.713714122772217 -1.273725152015686 34.05999755859375 4.71238899230957 1.2492872476577759 0.0
-3.2307991981506348 -1.0392003059387207 34.05999755859375 4.71238899230957 1.2298567295074463 0.0
-3.7654521465301514 -0.7967073321342468 34.05999755859375 4.71238899230957 1.209766149520874 0.0
-4.310646057128906 -0.5494334697723389 34.05999755859375 4.71238899230957 1.1892794370651245 0.0
-4.859354019165039 -0.30056607723236084 34.05999755859375 4.71238899230957 1.1686606407165527 0.0
-5.404547691345215 -0.05329251289367676 34.05999755859375 4.71238899230957 1.1481738090515137 0.0
-5.939201354980469 0.189200758934021 34.05999755859375 4.71238899230957 1.1280831098556519 0.0
-6.456286430358887 0.42372560501098633 34.05999755859375 4.71238899230957 1.1086525917053223 0.0
-6.948774814605713 0.6470944881439209 34.05999755859375 4.71238899230957 1.0901463031768799 0.0
-7.409643173217773 0.8561220169067383 34.05999755859375 4.71238899230957 1.0728282928466797 0.0
-7.831860542297363 1.0476195812225342 34.05999755859375 4.71238899230957 1.0569626092910767 0.0
-8.20840072631836 1.218400478363037 34.05999755859375 4.71238899230957 1.0428133010864258 0.0
-8.53223705291748 1.36527681350708 34.05999755859375 4.71238899230957 1.0306445360183716 0.0
-8.796342849731445 1.485062599182129 34.05999755859375 4.71238899230957 1.0207202434539795 0.0
-8.99368953704834 1.5745697021484375 34.05999755859375 4.71238899230957 1.0133044719696045 0.0
-9.117250442504883 1.630610466003418 34.05999755859375 4.71238899230957 1.0086613893508911 0.0
-9.15999984741211 1.6500000953674316 34.05999755859375 4.71238899230957 1.0070550441741943 0.0
-9.138368606567383 1.6500000953674316 34.05999755859375 4.71238899230957 1.0083919763565063 0.0
-9.074642181396484 1.6500000953674316 34.05999755859375 4.71238899230957 1.0123307704925537 0.0
-8.970576286315918 1.6500000953674316 34.05999755859375 4.71238899230957 1.0187629461288452 0.0
-8.827923774719238 1.6500000953674316 34.05999755859375 4.71238899230957 1.0275799036026 0.0
-8.648439407348633 1.6500000953674316 34.05999755859375 4.71238899230957 1.0386735200881958 0.0
-8.433876037597656 1.6500000953674316 34.05999755859375 4.71238899230957 1.051935076713562 0.0
-8.185988426208496 1.6500000953674316 34.05999755859375 4.71238899230957 1.0672564506530762 0.0
-7.906530857086182 1.6500000953674316 34.05999755859375 4.71238899230957 1.084529161453247 0.0
-7.597256183624268 1.6500000953674316 34.05999755859375 4.71238899230957 1.1036447286605835 0.0
-7.259918689727783 1.6500000953674316 34.05999755859375 4.71238899230957 1.1244947910308838 0.0
-6.896272659301758 1.6500000953674316 34.05999755859375 4.71238899230957 1.1469709873199463 0.0
-6.508071422576904 1.6500000953674316 34.05999755859375 4.71238899230957 1.1709648370742798 0.0
-6.097070217132568 1.6500000953674316 34.05999755859375 4.71238899230957 1.196367859840393 0.0
-5.66502046585083 1.6500000953674316 34.05999755859375 4.71238899230957 1.2230719327926636 0.0
-5.21367883682251 1.6500000953674316 34.05999755859375 4.71238899230957 1.250968337059021 0.0
-4.744797229766846 1.6500000953674316 34.05999755859375 4.71238899230957 1.2799488306045532 0.0
-4.260131359100342 1.6500000953674316 34.05999755859375 4.71238899230957 1.3099050521850586 0.0
-3.7614328861236572 1.6500000953674316 34.05999755859375 4.71238899230957 1.3407284021377563 0.0
-3.250458002090454 1.6500000953674316 34.05999755859375 4.71238899230957 1.3723105192184448 0.0
-2.72895884513855 1.6500000953674316 34.05999755859375 4.71238899230957 1.404543161392212 0.0
-2.198690414428711 1.6500000953674316 34.05999755859375 4.71238899230957 1.437317967414856 0.0
-1.6614062786102295 1.6500000953674316 34.05999755859375 4.71238899230957 1.4705263376235962 0.0
-1.1188609600067139 1.6500000953674316 34.05999755859375 4.71238899230957 1.5040597915649414 0.0
-0.5728063583374023 1.6500000953674316 34.05999755859375 4.71238899230957 1.537810206413269 0.0
-0.024999618530273438 1.6500000953674316 34.05999755859375 4.71238899230957 1.571669101715088 0.0
0.5228075981140137 1.6500000953674316 34.05999755859375 4.71238899230957 1.6055278778076172 0.0
1.0688610076904297 1.6500000953674316 34.05999755859375 4.71238899230957 1.6392780542373657 0.0
1.6114087104797363 1.6500000953674316 34.05999755859375 4.71238899230957 1.67281174659729 0.0
2.1486921310424805 1.6500000953674316 34.05999755859375 4.71238899230957 1.7060199975967407 0.0
2.678959369659424 1.6500000953674316 34.05999755859375 4.71238899230957 1.7387948036193848 0.0
3.2004575729370117 1.6500000953674316 34.05999755859375 4.71238899230957 1.7710273265838623 0.0
3.7114343643188477 1.6500000953674316 34.05999755859375 4.71238899230957 1.8026096820831299 0.0
4.210132598876953 1.6500000953674316 34.05999755859375 4.71238899230957 1.8334330320358276 0.0
4.694797515869141 1.6500000953674316 34.05999755859375 4.71238899230957 1.863389015197754 0.0
5.163680076599121 1.6500000953674316 34.05999755859375 4.71238899230957 1.8923695087432861 0.0
5.615021705627441 1.6500000953674316 34.05999755859375 4.71238899230957 1.9202661514282227 0.0
6.047070503234863 1.6500000953674316 34.05999755859375 4.71238899230957 1.946969985961914 0.0
6.458072662353516 1.6500000953674316 34.05999755859375 4.71238899230957 1.9723732471466064 0.0
6.846271514892578 1.6500000953674316 34.05999755859375 4.71238899230957 1.99636709690094 0.0
7.209918975830078 1.6500000953674316 34.05999755859375 4.71238899230957 2.018843173980713 0.0
7.54725456237793 1.6500000953674316 34.05999755859375 4.71238899230957 2.0396931171417236 0.0
7.856533050537109 1.6500000953674316 34.05999755859375 4.71238899230957 2.0588088035583496 0.0
8.135990142822266 1.6500000953674316 34.05999755859375 4.71238899230957 2.0760812759399414 0.0
8.38387680053711 1.6500000953674316 34.05999755859375 4.71238899230957 2.091402769088745 0.0
8.598442077636719 1.6500000953674316 34.05999755859375 4.71238899230957 2.1046645641326904 0.0
8.777921676635742 1.6500000953674316 34.05999755859375 4.71238899230957 2.115757942199707 0.0
8.92057991027832 1.6500000953674316 34.05999755859375 4.71238899230957 2.124574661254883 0.0
9.024646759033203 1.6500000953674316 34.05999755859375 4.71238899230957 2.131007194519043 0.0
9.088371276855469 1.6500000953674316 34.05999755859375 4.71238899230957 2.134945869445801 0.0
9.110000610351562 1.6500000953674316 34.05999755859375 4.71238899230957 2.1362829208374023 0.0
9.110000610351562 1.6118767261505127 34.05999755859375 4.71238899230957 2.136275053024292 0.0
9.110000610351562 1.5016841888427734 34.05999755859375 4.71238899230957 2.1362195014953613 0.0
9.110000610351562 1.3256895542144775 34.05999755859375 4.71238899230957 2.136068820953369 0.0
9.110000610351562 1.09015953540802 34.05999755859375 4.71238899230957 2.135775327682495 0.0
9.110000610351562 0.8013609647750854 34.05999755859375 4.71238899230957 2.135291576385498 0.0
9.110000610351562 0.4655607342720032 34.05999755859375 4.71238899230957 2.1345698833465576 0.0
9.110000610351562 0.08902591466903687 34.05999755859375 4.71238899230957 2.1335625648498535 0.0
9.110000610351562 -0.3219769597053528 34.05999755859375 4.71238899230957 2.1322224140167236 0.0
9.110000610351562 -0.7611809372901917 34.05999755859375 4.71238899230957 2.1305015087127686 0.0
9.110000610351562 -1.22231924533844 34.05999755859375 4.71238899230957 2.128352165222168 0.0
9.110000610351562 -1.6991243362426758 34.05999755859375 4.71238899230957 2.1257271766662598 0.0
9.110000610351562 -2.185330629348755 34.05999755859375 4.71238899230957 2.1225786209106445 0.0
9.110000610351562 -2.6746695041656494 34.05999755859375 4.71238899230957 2.118859052658081 0.0
9.110000610351562 -3.1608753204345703 34.05999755859375 4.71238899230957 2.114520788192749 0.0
9.110000610351562 -3.637680768966675 34.05999755859375 4.71238899230957 2.1095166206359863 0.0
9.110000610351562 -4.098818302154541 34.05999755859375 4.71238899230957 2.1037983894348145 0.0
9.110000610351562 -4.538022041320801 34.05999755859375 4.71238899230957 2.0973191261291504 0.0
9.110000610351562 -4.949026584625244 34.05999755859375 4.71238899230957 2.0900306701660156 0.0
9.110000610351562 -5.325561046600342 34.05999755859375 4.71238899230957 2.081885814666748 0.0
9.110000610351562 -5.661359786987305 34.05999755859375 4.71238899230957 2.0728366374969482 0.0
9.110000610351562 -5.950159072875977 34.05999755859375 4.71238899230957 2.062835931777954 0.0
9.110000610351562 -6.1856889724731445 34.05999755859375 4.71238899230957 2.0518360137939453 0.0
9.110000610351562 -6.361684799194336 34.05999755859375 4.71238899230957 2.0397891998291016 0.0
9.110000610351562 -6.47187614440918 34.05999755859375 4.71238899230957 2.0266480445861816 0.0
9.110000610351562 -6.509999752044678 34.05999755859375 4.71238899230957 2.012364625930786 0.0
9.026138305664062 -6.4719696044921875 34.05999755859375 4.71238899230957 1.9948605298995972 0.0
8.783742904663086 -6.36204719543457 34.05999755859375 4.71238899230957 1.9724094867706299 0.0
8.396596908569336 -6.1864848136901855 34.05999755859375 4.71238899230957 1.9454935789108276 0.0
7.878490447998047 -5.951532363891602 34.05999755859375 4.71238899230957 1.9145947694778442 0.0
7.2432050704956055 -5.6634416580200195 34.05999755859375 4.71238899230957 1.8801946640014648 0.0
6.504527568817139 -5.328464984893799 34.05999755859375 4.71238899230957 1.8427752256393433 0.0
5.676244735717773 -4.952853202819824 34.05999755859375 4.71238899230957 1.8028184175491333 0.0
4.7721405029296875 -4.542858600616455 34.05999755859375 4.71238899230957 1.7608062028884888 0.0
3.806000232696533 -4.104732036590576 34.05999755859375 4.71238899230957 1.7172203063964844 0.0
2.791611433029175 -3.6447248458862305 34.05999755859375 4.71238899230957 1.6725425720214844 0.0
1.742757797241211 -3.16908860206604 34.05999755859375 4.71238899230957 1.6272549629211426 0.0
0.6732265949249268 -2.684075355529785 34.05999755859375 4.71238899230957 1.5818393230438232 0.0
-0.4032001495361328 -2.1959359645843506 34.05999755859375 4.71238899230957 1.5367774963378906 0.0
-1.4727320671081543 -1.7109224796295166 34.05999755859375 4.71238899230957 1.4925514459609985 0.0
-2.5215864181518555 -1.2352850437164307 34.05999755859375 4.71238899230957 1.4496431350708008 0.0
-3.5359792709350586 -0.7752776145935059 34.05999755859375 4.71238899230957 1.4085341691970825 0.0
-4.502119064331055 -0.33714962005615234 34.05999755859375 4.71238899230957 1.3697067499160767 0.0
-5.406225204467773 0.0728459358215332 34.05999755859375 4.71238899230957 1.3336423635482788 0.0
-6.234513282775879 0.4484591484069824 34.05999755859375 4.71238899230957 1.3008230924606323 0.0
-6.973194122314453 0.7834377288818359 34.05999755859375 4.71238899230957 1.2717310190200806 0.0
-7.608478546142578 1.0715265274047852 34.05999755859375 4.71238899230957 1.2468477487564087 0.0
-8.126588821411133 1.3064823150634766 34.05999755859375 4.71238899230957 1.22665536403656 0.0
-8.513738632202148 1.4820451736450195 34.05999755859375 4.71238899230957 1.2116353511810303 0.0
-8.756132125854492 1.5919685363769531 34.05999755859375 4.71238899230957 1.2022701501846313 0.0
-8.839998245239258 1.6299996376037598 34.05999755859375 4.71238899230957 1.1990412473678589 0.0
-8.839998245239258 1.5920628309249878 34.05999755859375 4.71238899230957 1.20042884349823 0.0
-8.839998245239258 1.4824100732803345 34.05999755859375 4.71238899230957 1.2044974565505981 0.0
-8.839998245239258 1.3072773218154907 34.05999755859375 4.71238899230957 1.2111061811447144 0.0
-8.839998245239258 1.0729012489318848 34.05999755859375 4.71238899230957 1.2201142311096191 0.0
-8.839998245239258 0.7855177521705627 34.05999755859375 4.71238899230957 1.231380581855774 0.0
-8.839998245239258 0.45136332511901855 34.05999755859375 4.71238899230957 1.2447643280029297 0.0
-8.839998245239258 0.0766739547252655 34.05999755859375 4.71238899230957 1.2601244449615479 0.0
-8.839998245239258 -0.3323141932487488 34.05999755859375 4.71238899230957 1.2773200273513794 0.0
-8.839998245239258 -0.7693647742271423 34.05999755859375 4.71238899230957 1.2962102890014648 0.0
-8.839998245239258 -1.2282418012619019 34.05999755859375 4.71238899230957 1.316654086112976 0.0
-8.839998245239258 -1.7027090787887573 34.05999755859375 4.71238899230957 1.3385106325149536 0.0
-8.839998245239258 -2.186530590057373 34.05999755859375 4.71238899230957 1.3616387844085693 0.0
-8.839998245239258 -2.6734704971313477 34.05999755859375 4.71238899230957 1.3858978748321533 0.0
-8.839998245239258 -3.1572916507720947 34.05999755859375 4.71238899230957 1.411146879196167 0.0
-8.839998245239258 -3.6317596435546875 34.05999755859375 4.71238899230957 1.4372450113296509 0.0
-8.839998245239258 -4.090636253356934 34.05999755859375 4.71238899230957 1.4640511274337769 0.0
-8.839998245239258 -4.5276875495910645 34.05999755859375 4.71238899230957 1.4914240837097168 0.0
-8.839998245239258 -4.936675548553467 34.05999755859375 4.71238899230957 1.5192234516143799 0.0
-8.839998245239258 -5.311364650726318 34.05999755859375 4.71238899230957 1.5473079681396484 0.0
-8.839998245239258 -5.6455183029174805 34.05999755859375 4.71238899230957 1.575536847114563 0.0
-8.839998245239258 -5.932901382446289 34.05999755859375 4.71238899230957 1.603769063949585 0.0
-8.839998245239258 -6.167279243469238 34.05999755859375 4.71238899230957 1.6318638324737549 0.0
-8.839998245239258 -6.342410087585449 34.05999755859375 4.71238899230957 1.6596801280975342 0.0
-8.839998245239258 -6.452061653137207 34.05999755859375 4.71238899230957 1.6870768070220947 0.0
-8.839998245239258 -6.490000247955322 34.05999755859375 4.71238899230957 1.7139133214950562 0.0
-8.762165069580078 -6.454629421234131 34.05999755859375 4.71238899230957 1.7400678396224976 0.0
-8.536858558654785 -6.352240085601807 34.05999755859375 4.71238899230957 1.7654964923858643 0.0
-8.176368713378906 -6.188416957855225 34.05999755859375 4.71238899230957 1.790174961090088 0.0
-7.6929826736450195 -5.968745231628418 34.05999755859375 4.71238899230957 1.814078688621521 0.0
-7.098991394042969 -5.698809623718262 34.05999755859375 4.71238899230957 1.8371833562850952 0.0
-6.406683921813965 -5.384194374084473 34.05999755859375 4.71238899230957 1.8594640493392944 0.0
-5.628350257873535 -5.030485153198242 34.05999755859375 4.71238899230957 1.880896806716919 0.0
-4.776279449462891 -4.643266201019287 34.05999755859375 4.71238899230957 1.901456594467163 0.0
-3.862760543823242 -4.228122234344482 34.05999755859375 4.71238899230957 1.9211194515228271 0.0
-2.9000840187072754 -3.790639638900757 34.05999755859375 4.71238899230957 1.9398605823516846 0.0
-1.9005372524261475 -3.3364009857177734 34.05999755859375 4.71238899230957 1.957655668258667 0.0
-0.8764123916625977 -2.8709936141967773 34.05999755859375 4.71238899230957 1.974480152130127 0.0
0.1600017547607422 -2.40000057220459 34.05999755859375 4.71238899230957 1.9903093576431274 0.0
1.1964163780212402 -1.9290077686309814 34.05999755859375 4.71238899230957 2.0051190853118896 0.0
2.2205429077148438 -1.463599443435669 34.05999755859375 4.71238899230957 2.0188846588134766 0.0
3.220088005065918 -1.009361743927002 34.05999755859375 4.71238899230957 2.0315818786621094 0.0
4.18276309967041 -0.5718793869018555 34.05999755859375 4.71238899230957 2.0431859493255615 0.0
5.096282958984375 -0.15673494338989258 34.05999755859375 4.71238899230957 2.0536723136901855 0.0
5.948354721069336 0.2304840087890625 34.05999755859375 4.71238899230957 2.063016891479492 0.0
6.726686477661133 0.5841941833496094 34.05999755859375 4.71238899230957 2.071194887161255 0.0
7.41899299621582 0.8988094329833984 34.05999755859375 4.71238899230957 2.078181743621826 0.0
8.012985229492188 1.1687440872192383 34.05999755859375 4.71238899230957 2.083953619003296 0.0
8.496368408203125 1.3884162902832031 34.05999755859375 4.71238899230957 2.0884852409362793 0.0
8.856857299804688 1.5522403717041016 34.05999755859375 4.71238899230957 2.091752529144287 0.0
9.082168579101562 1.6546287536621094 34.05999755859375 4.71238899230957 2.0937304496765137 0.0
9.160001754760742 1.6899991035461426 34.05999755859375 4.71238899230957 2.094395160675049 0.0
9.11174488067627 1.668782353401184 34.05999755859375 4.71238899230957 2.0917439460754395 0.0
8.972490310668945 1.607556939125061 34.05999755859375 4.71238899230957 2.084092855453491 0.0
8.750509262084961 1.5099600553512573 34.05999755859375 4.71238899230957 2.07189679145813 0.0
8.454075813293457 1.3796287775039673 34.05999755859375 4.71238899230957 2.055610179901123 0.0
8.091462135314941 1.2202001810073853 34.05999755859375 4.71238899230957 2.035687208175659 0.0
7.6709394454956055 1.0353115797042847 34.05999755859375 4.71238899230957 2.012582778930664 0.0
7.200781345367432 0.8286001682281494 34.05999755859375 4.71238899230957 1.9867513179779053 0.0
6.689260482788086 0.60370272397995 34.05999755859375 4.71238899230957 1.95864737033844 0.0
6.144650459289551 0.36425691843032837 34.05999755859375 4.71238899230957 1.928725242614746 0.0
5.575222015380859 0.1138995885848999 34.05999755859375 4.71238899230957 1.8974395990371704 0.0
4.989248275756836 -0.1437320113182068 34.05999755859375 4.71238899230957 1.86524498462677 0.0
4.3950018882751465 -0.4050009250640869 34.05999755859375 4.71238899230957 1.832595705986023 0.0
3.800755500793457 -0.6662697792053223 34.05999755859375 4.71238899230957 1.799946665763855 0.0
3.214782238006592 -0.9239012002944946 34.05999755859375 4.71238899230957 1.767751932144165 0.0
2.6453537940979004 -1.1742589473724365 34.05999755859375 4.71238899230957 1.7364662885665894 0.0
2.1007423400878906 -1.4137048721313477 34.05999755859375 4.71238899230957 1.7065441608428955 0.0
1.5892224311828613 -1.6386022567749023 34.05999755859375 4.71238899230957 1.6784400939941406 0.0
1.119065284729004 -1.845313549041748 34.05999755859375 4.71238899230957 1.6526086330413818 0.0
0.698542594909668 -2.0302023887634277 34.05999755859375 4.71238899230957 1.6295042037963867 0.0
0.33592796325683594 -2.1896309852600098 34.05999755859375 4.71238899230957 1.609581470489502 0.0
0.03949451446533203 -2.319962501525879 34.05999755859375 4.71238899230957 1.5932947397232056 0.0
-0.18248558044433594 -2.417558193206787 34.05999755859375 4.71238899230957 1.5810987949371338 0.0
-0.32173919677734375 -2.4787840843200684 34.05999755859375 4.71238899230957 1.5734477043151855 0.0
